9999 9999 Laurentia outline <identity>GPlates-dbb88616-e31b-40d1-af78-92471b2ba449</identity>
 199 1810.0  320.0 UN   0 999   1    28
  28.0000 -106.0000 3
  30.8000 -110.5000 2
  33.0000 -116.0000 2
  35.0000 -118.0000 2
  38.0000 -117.0000 2
  40.0000 -117.0000 2
  42.0000 -115.2000 2
  46.0000 -117.0000 2
  47.5000 -118.5000 2
  49.5000 -117.0000 2
  56.0000 -124.0000 2
  61.0000 -128.0000 2
  64.5000 -138.0000 2
  64.5000 -142.0000 2
  65.0000 -145.0000 2
  67.0000 -147.0000 2
  69.5000 -146.0000 2
  70.7000 -144.0000 2
  70.0000 -139.0000 2
  72.5000 -127.0000 2
  73.5000 -125.0000 2
  73.8000 -124.0000 2
  74.0000 -120.0000 2
  74.4000 -105.0000 2
  75.0000  -95.0000 2
  76.0000  -85.0000 2
  77.0000  -70.0000 2
  78.5000  -50.0000 2
  99.0000   99.0000 3
9999 9999 Laurentia outline <identity>GPlates-672f8d6c-f6dd-400e-afd8-fd01c7c06bee</identity>
 199 1810.0  320.0 UN   0 999   1    35
  54.4500  -53.1700 3
  54.0000  -56.0000 2
  53.6000  -55.4000 2
  52.0000  -54.0000 2
  50.0000  -56.5000 2
  49.5000  -57.0000 2
  48.0000  -58.7000 2
  47.0000  -60.5000 2
  46.9000  -61.0000 2
  46.8000  -62.0000 2
  47.4000  -64.0000 2
  48.2000  -65.0000 2
  48.0000  -67.0000 2
  47.2000  -69.0000 2
  46.0000  -70.7000 2
  45.5000  -72.0000 2
  43.0000  -73.0000 2
  41.0000  -73.5000 2
  40.0000  -75.0000 2
  39.0000  -77.0000 2
  37.0000  -79.0000 2
  35.7000  -82.0000 2
  35.0000  -83.0000 2
  34.2000  -84.0000 2
  33.3000  -84.4000 2
  32.5000  -85.0000 2
  32.0000  -87.0000 2
  31.5000  -88.0000 2
  33.0000  -91.0000 2
  34.5000  -94.0000 2
  34.5000  -94.5000 2
  33.0000  -95.5000 2
  30.0000  -98.0000 2
  31.0000 -103.0000 2
  28.0000 -106.0000 2
  99.0000   99.0000 3
9999 9999 Long Range Humber <identity>GPlates-0fb6bfb3-7b24-4317-bbf0-d7755ba72575</identity>
 199 1810.0  320.0 UN   0 999   1     8
  49.5000  -56.8000 3
  50.5000  -56.2000 2
  51.7000  -55.7000 2
  51.1000  -56.2000 2
  50.5000  -57.4000 2
  50.0000  -57.9000 2
  48.8000  -58.5000 2
  47.7000  -59.1000 2
  99.0000   99.0000 3
9999 9999 Anticosti Island <identity>GPlates-82887975-7033-4162-b915-7915bc7d52a7</identity>
 199 1810.0  320.0 UN   0 999   1     5
  48.9000  -61.6000 3
  49.5000  -62.4000 2
  49.8000  -64.2000 2
  49.0000  -63.1000 2
  48.9000  -61.6000 2
  99.0000   99.0000 3
9999 9999 Canada coastline <identity>GPlates-68fa51b0-bb96-4dd4-a093-c4d30d7c4419</identity>
 199 1810.0  320.0 UN   0 999   1   160
  70.0000 -145.0000 3
  70.2000 -143.5000 2
  69.5000 -141.0000 2
  69.4000 -139.3000 2
  69.3000 -138.6000 2
  68.9000 -136.4000 2
  69.3000 -133.8000 2
  69.7000 -132.1000 2
  68.9000 -132.9000 2
  69.3000 -130.8000 2
  70.2000 -128.6000 2
  69.3000 -126.4000 2
  70.2000 -124.7000 2
  69.7000 -122.0000 2
  69.3000 -119.8000 2
  68.9000 -117.2000 2
  68.9000 -116.8000 2
  68.4000 -114.2000 2
  67.6000 -113.3000 2
  67.6000 -111.1000 2
  67.6000 -108.5000 2
  68.0000 -106.8000 2
  68.0000 -104.6000 2
  67.6000 -102.4000 2
  68.0000  -99.8000 2
  67.6000  -97.2000 2
  68.4000  -98.9000 2
  68.0000  -96.3000 2
  68.4000  -94.1000 2
  69.3000  -94.1000 2
  69.7000  -96.3000 2
  71.0000  -96.3000 2
  71.9000  -95.4000 2
  71.9000  -95.0000 2
  71.0000  -93.3000 2
  70.2000  -92.0000 2
  69.3000  -92.0000 2
  68.9000  -90.7000 2
  68.7100  -89.7200 2
  68.1400  -88.0100 2
  67.5700  -88.0100 2
  67.5700  -86.3100 2
  68.7100  -85.1700 2
  69.8400  -85.1700 2
  69.8400  -82.9000 2
  68.7100  -81.7700 2
  68.1400  -82.3300 2
  67.0000  -81.2000 2
  66.4400  -82.9000 2
  66.4400  -84.0400 2
  66.4400  -85.1700 2
  65.8700  -86.3100 2
  65.3000  -86.8800 2
  65.8700  -88.5800 2
  65.3000  -89.1500 2
  65.3000  -86.8800 2
  64.1600  -88.0100 2
  64.1600  -89.7200 2
  63.6000  -91.4200 2
  64.1600  -93.1200 2
  63.6000  -91.4200 2
  63.0300  -90.8500 2
  62.4600  -91.4200 2
  61.8900  -92.5600 2
  61.3200  -93.6900 2
  60.1900  -94.8300 2
  59.6200  -94.8300 2
  58.4900  -94.2600 2
  58.4900  -93.1200 2
  57.3500  -92.5600 2
  57.3500  -90.8500 2
  56.8500  -89.8000 2
  56.8100  -89.6000 2
  56.7900  -89.4000 2
  56.7300  -89.0000 2
  56.6200  -88.8000 2
  56.5000  -88.4000 2
  56.0000  -87.7000 2
  55.5000  -85.7000 2
  55.0000  -85.5000 2
  54.5000  -82.3000 2
  54.0000  -82.3000 2
  53.4000  -82.2000 2
  53.0000  -82.3000 2
  52.5000  -81.7000 2
  52.0000  -81.1000 2
  51.5000  -80.6000 2
  51.2000  -80.9000 2
  51.0000  -81.1000 2
  51.2000  -80.0000 2
  51.2000  -79.7000 2
  51.6000  -79.3000 2
  51.4000  -79.0000 2
  51.7000  -79.1000 2
  52.1000  -78.7000 2
  52.5000  -78.5000 2
  53.0000  -79.0000 2
  54.1000  -79.2000 2
  54.5000  -80.0000 2
  55.0000  -79.0000 2
  55.6000  -78.0000 2
  56.1000  -77.5000 2
  56.6000  -77.4000 2
  57.0000  -77.5000 2
  57.5000  -77.8000 2
  58.0000  -78.0000 2
  58.8000  -79.0000 2
  59.0000  -79.0000 2
  59.3000  -78.1000 2
  60.0000  -77.7000 2
  60.8000  -78.7000 2
  61.3000  -78.1000 2
  61.6000  -78.0000 2
  61.8000  -78.0000 2
  61.8900  -78.3600 2
  62.4600  -76.6600 2
  62.4600  -74.3800 2
  61.8900  -72.6800 2
  61.3200  -71.5500 2
  60.7600  -69.8400 2
  59.6200  -69.8400 2
  59.6200  -69.8400 2
  59.0500  -69.2700 2
  58.4900  -70.9800 2
  58.4900  -69.2700 2
  57.9200  -68.7100 2
  58.4900  -67.0000 2
  59.0500  -65.3000 2
  60.1900  -64.7300 2
  59.6200  -63.6000 2
  59.0500  -63.0300 2
  57.9200  -63.0300 2
  57.3500  -62.4600 2
  56.7800  -61.3200 2
  56.2100  -61.8900 2
  55.6500  -60.7600 2
  55.0800  -59.6200 2
  55.0800  -57.9200 2
  54.5100  -57.9200 2
  53.9400  -59.6200 2
  53.3800  -60.1900 2
  53.9400  -58.4900 2
  53.9400  -57.3500 2
  53.3800  -55.6500 2
  52.2400  -55.6500 2
  51.6700  -55.6500 2
  51.1000  -57.3500 2
  50.5400  -59.0500 2
  50.2000  -60.0000 2
  50.2000  -66.0000 2
  50.0000  -67.0000 2
  49.2000  -67.4000 2
  49.2000  -68.0000 2
  48.0000  -70.0000 2
  47.7000  -69.8400 2
  48.2600  -68.7100 2
  48.8300  -67.5700 2
  49.4000  -65.8700 2
  48.8300  -64.7300 2
  48.2000  -64.8000 2
  99.0000   99.0000 3
9999 9999 Banks Island <identity>GPlates-9684cccf-c778-4abe-8955-09ae228e7083</identity>
 199 1810.0  320.0 UN   0 999   1     8
  73.2500 -124.9200 3
  72.1100 -126.0600 2
  71.5500 -123.7900 2
  71.5500 -121.5100 2
  72.1100 -119.8100 2
  73.2500 -117.5400 2
  73.8200 -116.4000 2
  74.0000 -117.0000 2
  99.0000   99.0000 3
9999 9999 Victoria Island <identity>GPlates-0185e407-30e0-408d-99d9-0eb89327cd5b</identity>
 199 1810.0  320.0 UN   0 999   1    29
  69.2700 -114.7000 3
  69.2700 -116.4000 2
  69.8400 -116.4000 2
  70.4100 -113.5600 2
  70.4100 -115.2700 2
  70.9800 -118.1100 2
  71.5500 -115.8400 2
  71.5500 -118.6800 2
  72.6800 -118.1100 2
  73.2500 -115.8400 2
  72.6800 -114.7000 2
  73.2500 -113.0000 2
  72.1100 -111.8600 2
  72.6800 -109.0200 2
  71.5500 -108.4500 2
  72.6800 -107.8900 2
  73.2500 -106.7500 2
  72.6800 -105.6200 2
  72.1100 -105.0500 2
  70.9800 -104.4800 2
  70.4100 -102.2100 2
  69.8400 -101.0700 2
  69.2700 -103.3400 2
  68.7100 -102.7800 2
  69.2700 -105.6200 2
  69.2700 -107.3200 2
  68.7100 -109.5900 2
  68.7100 -112.4300 2
  69.2700 -114.7000 2
  99.0000   99.0000 3
9999 9999 Prince of Wales Island <identity>GPlates-1f894564-c5e4-4146-93de-14a5b21fbe63</identity>
 199 1810.0  320.0 UN   0 999   1     9
  71.5500  -99.9400 3
  72.1100 -101.0700 2
  72.6800 -100.5000 2
  73.2500 -101.0700 2
  73.8200  -98.8000 2
  73.2500  -97.6700 2
  72.6800  -97.1000 2
  71.5500  -97.1000 2
  71.5500  -99.9400 2
  99.0000   99.0000 3
9999 9999 King William Island <identity>GPlates-8ac32486-ea72-4cd2-94dd-a8998776e92e</identity>
 199 1810.0  320.0 UN   0 999   1     6
  69.2700  -97.1000 3
  69.8400  -98.2300 2
  69.2700  -99.3700 2
  68.7100  -97.1000 2
  69.2700  -95.9600 2
  69.2700  -97.1000 2
  99.0000   99.0000 3
9999 9999 Somerset Island <identity>GPlates-3ff95176-2093-416c-b199-d911a64a2b03</identity>
 199 1810.0  320.0 UN   0 999   1     9
  73.8200  -94.8300 3
  73.8200  -93.1200 2
  73.8200  -90.8500 2
  72.6800  -91.9900 2
  72.1100  -93.6900 2
  72.6800  -95.3900 2
  73.2500  -95.3900 2
  73.8200  -94.8300 2
  73.8200  -94.8300 2
  99.0000   99.0000 3
9999 9999 Northampton Island <identity>GPlates-0e07034b-0ef9-4ac8-9d59-422fd01ba7e8</identity>
 199 1810.0  320.0 UN   0 999   1    12
  65.8700  -85.7400 3
  65.8700  -85.7400 2
  65.3000  -84.0400 2
  64.7300  -81.7700 2
  64.1600  -81.7700 2
  63.6000  -80.6300 2
  64.1600  -82.9000 2
  63.6000  -84.6100 2
  63.6000  -85.7400 2
  64.1600  -86.3100 2
  65.3000  -86.3100 2
  65.8700  -85.7400 2
  99.0000   99.0000 3
9999 9999 Prince Charles Island <identity>GPlates-31242fd0-3753-4222-81e7-b64213a8515a</identity>
 199 1810.0  320.0 UN   0 999   1     5
  68.1400  -76.0900 3
  68.1400  -74.9500 2
  67.0000  -75.5200 2
  67.5700  -77.2200 2
  68.1400  -76.0900 2
  99.0000   99.0000 3
9999 9999 Baffin Island <identity>GPlates-bae6ace4-1211-444c-affa-7e2e073ed0d7</identity>
 199 1810.0  320.0 UN   0 999   1    54
  62.8000  -71.0000 3
  62.8000  -71.5000 2
  63.6000  -72.3000 2
  64.5000  -73.7000 2
  64.5000  -75.8000 2
  64.5000  -77.6000 2
  65.4000  -77.6000 2
  65.4000  -75.4000 2
  66.3000  -74.5000 2
  67.1000  -72.8000 2
  68.0000  -72.8000 2
  68.9000  -74.5000 2
  69.3000  -76.3000 2
  70.2000  -78.0000 2
  70.2000  -80.6000 2
  69.7000  -83.2000 2
  70.2000  -86.3000 2
  70.6000  -88.9000 2
  71.5000  -90.2000 2
  72.3000  -89.8000 2
  73.2000  -88.9000 2
  73.7000  -86.3000 2
  73.7000  -85.0000 2
  72.8000  -86.7000 2
  71.9000  -86.3000 2
  71.9000  -85.9000 2
  72.8000  -85.9000 2
  73.7000  -83.7000 2
  73.2000  -80.6000 2
  72.3000  -81.1000 2
  72.8000  -78.0000 2
  72.3000  -75.4000 2
  71.5000  -73.7000 2
  71.0000  -71.0000 2
  70.6000  -68.9000 2
  69.7000  -67.1000 2
  68.9000  -68.4000 2
  68.4000  -66.7000 2
  67.6000  -64.9000 2
  67.1000  -62.8000 2
  66.7000  -61.5000 2
  65.8000  -62.3000 2
  64.9000  -63.6000 2
  65.4000  -64.9000 2
  66.3000  -66.7000 2
  65.4000  -67.1000 2
  64.5000  -65.4000 2
  63.6000  -64.5000 2
  62.8000  -64.5000 2
  62.8000  -67.6000 2
  61.9000  -66.3000 2
  62.3000  -68.0000 2
  62.8000  -69.3000 2
  62.8000  -71.0000 2
  99.0000   99.0000 3
9999 9999 Great Bear Lake <identity>GPlates-22e61c9c-fa7f-47c4-94f4-24c4d87e33c7</identity>
 199 1810.0  320.0 UN   0 999   1    11
  67.1000 -119.8000 3
  67.1000 -120.3000 2
  66.3000 -122.0000 2
  66.3000 -124.2000 2
  66.3000 -122.0000 2
  65.4000 -122.9000 2
  65.4000 -120.7000 2
  65.4000 -118.6000 2
  66.3000 -117.7000 2
  66.3000 -119.8000 2
  67.1000 -119.8000 2
  99.0000   99.0000 3
9999 9999 Great Slave Lake <identity>GPlates-6d5fd9d9-94b8-4ca3-ab95-cc2a86b13790</identity>
 199 1810.0  320.0 UN   0 999   1    15
  63.0300 -115.8400 3
  62.4600 -115.2700 2
  62.4600 -114.1300 2
  62.4600 -112.4300 2
  63.0300 -110.7300 2
  62.4600 -110.7300 2
  61.8900 -111.8600 2
  61.3200 -113.5600 2
  60.7600 -114.7000 2
  60.7600 -116.9700 2
  61.3200 -118.6800 2
  61.3200 -116.9700 2
  61.8900 -115.2700 2
  62.4600 -115.8400 2
  63.0300 -115.8400 2
  99.0000   99.0000 3
9999 9999 Athabasca Lake <identity>GPlates-651790f5-f823-4d4e-89c5-cdf7492d7b39</identity>
 199 1810.0  320.0 UN   0 999   1     8
  58.4900 -111.3000 3
  58.4900 -111.3000 2
  59.0500 -110.2000 2
  59.0500 -109.0000 2
  59.0500 -106.8000 2
  59.0500 -108.5000 2
  58.4900 -110.2000 2
  58.4900 -111.3000 2
  99.0000   99.0000 3
9999 9999 Lake Winnipeg <identity>GPlates-826b403a-455c-46aa-92d2-fa2b0ce0cbe4</identity>
 199 1810.0  320.0 UN   0 999   1    18
  53.9000  -99.0000 3
  53.7000  -97.9000 2
  52.0000  -97.0000 2
  51.2000  -96.3000 2
  50.6000  -96.4000 2
  50.3000  -96.8000 2
  50.5000  -97.0000 2
  51.3000  -97.0000 2
  51.6000  -96.8000 2
  51.4000  -97.3000 2
  52.1000  -97.4000 2
  52.2000  -97.5000 2
  51.9000  -97.9000 2
  52.9000  -98.9000 2
  53.0000  -98.5000 2
  53.0000  -99.0000 2
  53.2000  -99.3000 2
  53.9000  -99.0000 2
  99.0000   99.0000 3
9999 9999 Lake Superior <identity>GPlates-d4454a84-b9db-432d-aa91-0302a708ae84</identity>
 199 1810.0  320.0 UN   0 999   1    40
  46.4500  -84.5000 3
  46.5000  -85.0000 2
  46.8000  -85.0000 2
  46.6000  -86.2000 2
  46.4000  -86.6000 2
  46.5000  -87.4000 2
  46.9000  -88.0000 2
  46.8000  -88.5000 2
  47.4000  -88.0000 2
  47.4500  -87.8000 2
  47.5000  -88.0000 2
  47.4000  -88.3000 2
  47.0000  -89.0000 2
  46.6000  -90.4000 2
  46.6000  -91.0000 2
  47.0000  -90.5000 2
  47.0000  -91.0000 2
  46.7000  -92.0000 2
  46.8000  -92.1000 2
  47.6000  -90.8000 2
  47.9000  -89.7000 2
  48.1000  -89.4000 2
  48.5000  -89.2000 2
  48.6000  -88.8000 2
  48.4000  -88.8000 2
  48.8000  -88.5000 2
  49.0000  -88.1000 2
  48.7500  -87.3000 2
  48.7500  -86.4500 2
  48.6000  -86.3000 2
  48.2000  -86.1500 2
  47.9000  -85.8000 2
  47.9000  -85.5000 2
  47.9500  -85.3000 2
  47.9500  -84.8500 2
  47.6000  -85.0000 2
  47.3500  -84.6000 2
  47.0000  -84.7500 2
  46.9000  -84.3000 2
  46.4500  -84.5000 2
  99.0000   99.0000 3
9999 9999 Lake Mich+Huron <identity>GPlates-a69166fb-8a16-4e84-9933-2e8497e055d5</identity>
 199 1810.0  320.0 UN   0 999   1    50
  43.1500  -82.3300 3
  45.9000  -80.8000 2
  46.0000  -81.6000 2
  46.1000  -81.8000 2
  46.2000  -82.5000 2
  46.2000  -83.0000 2
  46.3000  -84.0000 2
  46.2000  -83.8000 2
  46.0500  -83.9500 2
  46.0000  -83.9000 2
  46.1000  -83.6000 2
  45.9500  -83.3000 2
  46.0000  -82.8000 2
  45.9000  -82.6000 2
  46.0000  -82.4000 2
  45.9000  -82.2000 2
  46.0000  -82.0000 2
  46.0000  -81.9000 2
  45.8000  -81.8000 2
  45.9000  -81.7000 2
  45.8000  -81.6000 2
  45.5000  -81.8000 2
  45.5000  -81.8000 2
  45.7000  -82.5000 2
  45.9000  -83.7000 2
  46.0000  -84.5000 2
  46.0500  -84.6500 2
  45.8500  -84.7000 2
  46.0000  -85.0000 2
  46.1000  -85.6000 2
  45.9500  -85.7000 2
  45.9500  -86.3000 2
  45.6000  -86.6000 2
  45.7000  -87.0000 2
  45.6000  -87.1500 3
  44.8600  -88.0100 2
  44.2900  -87.4400 2
  43.7200  -87.4400 2
  42.5900  -88.0100 2
  41.4500  -87.4400 2
  42.0200  -86.3100 2
  43.1500  -86.3100 2
  44.2900  -86.3100 2
  44.8600  -85.1700 2
  45.4300  -84.6100 2
  45.4300  -84.0400 2
  44.2900  -83.4700 2
  43.7200  -84.0400 2
  43.7200  -82.9000 2
  43.1500  -82.3300 2
  99.0000   99.0000 3
9999 9999 N Michigan coastline <identity>GPlates-2be06e0b-fabd-4eae-ba6d-068ed47e3029</identity>
 199 1810.0  320.0 UN   0 999   1     8
  45.5000  -85.1000 3
  45.6000  -85.1000 2
  45.7500  -85.0000 2
  45.8000  -84.7000 2
  45.6500  -84.2500 2
  45.5000  -84.1000 2
  45.5000  -83.9000 2
  45.4000  -83.6500 2
  99.0000   99.0000 3
9999 9999 Lake Ontario <identity>GPlates-f9efb409-e2e2-446c-bd6c-6d65a32448f9</identity>
 199 1810.0  320.0 UN   0 999   1     8
  44.2900  -75.5200 3
  43.7200  -76.6600 2
  43.7200  -78.3600 2
  43.1500  -79.5000 2
  43.1500  -78.3600 2
  43.1500  -76.6600 2
  43.1500  -76.0900 2
  44.2900  -75.5200 2
  99.0000   99.0000 3
9999 9999 Lake Erie <identity>GPlates-17f4d44b-d449-40a3-81d5-7a704d63a662</identity>
 199 1810.0  320.0 UN   0 999   1     8
  42.5900  -78.9300 3
  42.5900  -80.6300 2
  42.0200  -81.7700 2
  42.0200  -82.9000 2
  41.4500  -82.3300 2
  41.4500  -81.2000 2
  42.0200  -80.0600 2
  42.5900  -78.9300 2
  99.0000   99.0000 3
9999 9999 Greenland coast <identity>GPlates-ec428d60-9992-4437-968e-d18c6a56657b</identity>
 199 1810.0  320.0 UN   0 999   1   361
  54.8800  -54.0100 3
  55.1100  -54.8600 2
  55.7300  -55.4900 2
  55.9500  -55.9900 2
  55.9800  -56.8600 2
  56.2200  -57.8800 2
  56.8400  -58.3200 2
  57.4700  -58.9300 2
  58.1000  -59.5300 2
  58.9200  -60.0900 2
  59.3400  -60.5400 2
  60.3500  -60.5300 2
  60.9700  -60.9300 2
  61.2000  -61.5600 2
  61.8000  -61.4400 2
  62.4000  -61.4800 2
  62.9900  -61.1800 2
  63.3700  -60.7500 2
  63.7400  -59.9900 2
  63.7100  -59.3300 2
  64.0900  -58.7500 2
  64.4700  -58.3300 2
  64.8900  -58.7200 2
  65.3300  -59.6000 2
  65.5500  -60.0400 2
  65.3600  -60.2500 2
  65.1500  -59.9800 2
  64.9200  -59.3800 2
  64.9200  -59.3800 2
  64.5600  -60.3000 2
  64.6000  -61.1200 2
  65.0300  -61.8300 2
  65.4300  -61.7200 2
  65.4300  -61.7200 2
  65.5900  -60.8500 2
  66.0100  -61.2200 2
  66.1900  -60.6800 2
  65.9500  -59.9300 2
  65.9100  -59.1200 2
  65.8800  -58.3100 2
  66.3000  -58.6800 2
  66.5300  -59.4300 2
  66.9400  -59.6400 2
  66.9800  -60.4400 2
  66.8100  -61.1400 2
  66.8500  -61.9500 2
  67.0600  -62.0400 2
  67.4200  -61.2700 2
  67.6100  -60.8800 2
  68.0000  -60.5900 2
  68.4200  -60.9200 2
  69.0300  -61.0100 2
  69.4500  -61.3100 2
  69.8600  -61.4600 2
  70.2700  -61.5900 2
  70.5100  -62.4100 2
  70.9300  -62.5200 2
  71.1100  -62.1200 2
  71.3400  -62.6200 2
  71.3800  -63.3800 2
  71.6300  -64.1700 2
  71.8700  -64.8100 2
  71.9100  -65.5600 2
  71.7500  -66.2900 2
  71.8000  -67.0500 2
  71.8400  -67.6600 2
  71.8800  -68.2600 2
  71.8800  -68.2600 2
  71.6800  -68.3900 2
  71.9400  -69.1800 2
  71.9900  -69.9400 2
  72.4300  -70.4200 2
  72.5800  -69.5200 2
  72.5400  -68.9100 2
  72.5900  -69.6700 2
  72.8300  -70.2700 2
  72.9000  -71.1700 2
  73.0800  -70.8600 2
  73.2200  -69.9500 2
  73.1600  -69.0600 2
  73.1100  -68.3200 2
  73.0600  -67.5700 2
  73.4400  -67.1200 2
  73.4900  -67.8500 2
  73.5400  -68.5900 2
  73.3800  -69.2000 2
  73.6200  -69.7700 2
  73.6500  -70.2200 2
  73.8900  -70.6300 2
  74.1300  -71.1800 2
  74.3500  -71.2900 2
  74.7100  -70.6000 2
  74.6700  -70.0200 2
  74.6200  -69.3000 2
  74.7600  -68.3900 2
  74.9100  -67.4900 2
  74.8500  -66.6400 2
  74.8000  -65.9300 2
  74.9500  -65.0400 2
  75.3100  -64.2500 2
  75.3200  -64.3800 2
  75.3200  -64.3800 2
  75.4900  -63.7800 2
  75.7100  -63.9900 2
  75.7600  -64.8100 2
  75.8200  -65.6300 2
  76.0100  -65.4100 2
  76.3600  -64.4200 2
  76.3200  -63.7500 2
  76.4800  -63.0000 2
  76.6300  -62.2500 2
  76.7800  -61.2400 2
  76.5500  -60.9400 2
  76.7300  -60.3400 2
  76.9300  -60.3700 2
  77.1000  -59.7600 2
  77.1300  -60.1400 2
  77.2800  -59.2800 2
  77.2500  -58.6500 2
  77.2300  -58.4000 2
  77.0200  -58.2500 2
  76.9800  -57.6200 2
  77.0000  -57.9900 2
  77.2200  -58.1500 2
  77.4400  -58.4200 2
  77.4000  -57.8000 2
  77.3700  -57.1900 2
  77.5300  -56.3500 2
  77.5000  -55.7400 2
  77.4700  -55.2500 2
  77.2400  -54.7200 2
  77.4300  -54.4000 2
  77.4000  -53.7900 2
  77.4000  -53.6700 2
  77.1800  -53.3700 2
  77.1800  -53.3700 2
  76.9600  -53.0500 2
  76.9300  -52.4300 2
  77.1600  -52.8800 2
  77.3700  -53.0600 2
  77.7700  -52.8000 2
  77.7400  -52.2000 2
  77.5200  -51.7900 2
  77.3200  -51.8500 2
  77.2900  -51.1200 2
  77.0700  -50.7900 2
  77.0500  -50.3000 2
  76.8400  -50.0800 2
  76.8300  -49.8300 2
  76.8100  -49.3300 2
  77.0300  -49.8100 2
  77.2500  -50.2700 2
  77.4700  -50.5900 2
  77.6800  -50.7800 2
  77.6600  -50.1900 2
  77.6200  -49.3600 2
  77.4100  -48.9100 2
  77.6400  -49.7100 2
  77.6100  -49.0000 2
  77.5900  -48.2900 2
  77.5700  -47.8200 2
  77.7900  -48.3800 2
  77.8100  -48.9600 2
  77.8300  -49.5500 2
  77.8600  -50.1300 2
  77.6800  -50.9000 2
  77.9000  -51.0700 2
  77.8800  -50.7200 2
  78.0500  -49.9500 2
  78.0500  -49.9500 2
  78.0400  -49.4900 2
  78.0200  -49.0300 2
  78.1900  -48.2900 2
  78.1700  -47.7200 2
  78.1600  -47.1500 2
  78.1400  -46.5800 2
  78.1200  -46.0100 2
  78.1000  -45.4400 2
  78.2900  -44.7500 2
  78.4700  -44.0600 2
  78.4600  -43.5100 2
  78.4500  -42.9600 2
  78.4400  -42.4000 2
  78.4200  -41.8500 2
  78.4200  -41.3000 2
  78.4100  -40.7400 2
  78.4000  -40.1900 2
  78.3900  -39.6400 2
  78.3800  -38.9700 2
  78.3800  -38.5300 2
  78.3800  -37.9800 2
  78.1700  -37.4500 2
  77.9800  -38.0500 2
  77.9800  -38.6200 2
  77.9900  -39.1800 2
  77.9900  -39.7500 2
  78.0000  -40.3200 2
  77.9900  -39.7500 2
  77.9900  -39.1800 2
  77.9800  -38.6200 2
  77.9800  -38.0500 2
  77.9700  -37.4800 2
  77.9700  -36.9100 2
  77.9700  -36.9100 2
  77.7700  -36.4700 2
  77.5700  -36.8300 2
  77.7700  -36.0100 2
  77.5700  -35.2000 2
  77.3700  -34.6100 2
  77.3700  -34.0200 2
  77.3700  -34.6100 2
  77.1700  -35.0700 2
  76.9700  -35.4300 2
  76.9700  -36.0300 2
  76.9700  -36.6400 2
  76.9700  -37.3600 2
  76.9700  -37.8400 2
  76.9800  -38.4400 2
  76.9800  -39.0400 2
  76.9900  -39.6400 2
  77.0000  -40.1300 2
  76.8100  -41.0300 2
  76.8100  -41.5100 2
  76.6300  -42.3100 2
  76.4300  -42.5000 2
  76.4200  -42.0000 2
  76.6100  -41.3300 2
  76.8000  -40.6600 2
  76.7900  -39.9300 2
  76.7800  -39.2000 2
  76.7800  -38.5900 2
  76.7700  -37.9800 2
  76.7700  -37.3800 2
  76.7700  -37.1300 2
  76.5700  -37.3900 2
  76.3800  -38.2800 2
  76.3700  -37.6600 2
  76.3700  -37.6600 2
  76.3700  -37.0400 2
  76.3700  -36.4200 2
  76.7700  -36.2800 2
  76.7700  -35.8000 2
  76.7700  -35.1900 2
  76.5700  -34.8200 2
  76.3700  -35.0600 2
  76.3700  -35.1800 2
  76.1700  -35.9300 2
  75.9700  -36.4400 2
  75.7700  -36.8300 2
  75.7700  -35.9400 2
  75.9700  -35.1800 2
  75.9700  -34.5500 2
  76.3700  -33.9400 2
  76.3700  -33.6900 2
  76.3700  -33.0700 2
  76.3800  -32.2100 2
  76.5900  -31.6200 2
  76.5900  -30.8900 2
  76.4000  -30.2200 2
  76.4100  -29.6000 2
  76.4200  -28.9800 2
  76.0300  -28.6100 2
  75.8200  -29.1900 2
  75.6100  -29.7800 2
  75.8000  -30.5900 2
  75.4000  -30.2500 2
  75.3900  -31.0300 2
  75.3800  -31.8100 2
  75.3800  -32.5800 2
  75.3800  -31.9400 2
  75.1900  -31.1300 2
  75.1900  -31.1300 2
  74.7800  -31.8600 2
  74.7800  -32.3800 2
  74.7700  -33.1800 2
  74.7800  -32.6500 2
  74.7800  -31.9900 2
  74.5800  -32.2300 2
  74.3800  -32.6100 2
  74.3800  -32.4800 2
  73.9700  -32.9800 2
  73.7800  -32.8300 2
  73.5700  -33.3600 2
  72.7700  -33.1800 2
  72.5700  -33.5900 2
  72.3700  -32.8700 2
  71.9800  -32.4100 2
  71.5800  -32.3900 2
  71.5700  -33.4000 2
  71.5700  -34.2600 2
  71.3700  -34.8400 2
  70.9700  -34.8300 2
  70.9700  -33.9500 2
  70.7700  -33.3600 2
  70.3700  -33.2000 2
  70.1700  -32.7400 2
  69.9800  -31.9900 2
  69.7800  -31.6700 2
  69.7700  -32.7200 2
  69.7700  -33.6200 2
  69.5700  -33.4600 2
  69.3700  -32.8500 2
  68.9700  -32.9900 2
  68.7700  -33.7400 2
  68.7700  -34.5000 2
  68.7700  -34.5000 2
  68.5700  -33.5800 2
  68.1700  -33.7200 2
  67.9700  -34.8000 2
  67.9700  -35.2600 2
  67.9700  -35.8800 2
  67.5700  -35.4100 2
  67.5700  -34.9500 2
  67.1700  -34.7900 2
  66.7700  -35.1000 2
  66.9700  -35.8800 2
  67.1700  -36.6600 2
  66.7700  -35.8800 2
  66.3700  -35.2500 2
  65.9700  -34.7800 2
  65.1700  -34.7700 2
  65.1700  -35.7300 2
  65.3700  -36.5300 2
  65.9700  -36.9900 2
  65.9700  -37.6300 2
  65.5700  -37.4800 2
  65.3700  -37.4800 2
  64.9700  -38.2900 2
  64.9700  -37.4900 2
  64.9700  -36.5300 2
  64.7700  -35.8900 2
  64.7700  -35.0900 2
  64.3700  -35.8900 2
  64.1700  -36.7000 2
  63.7700  -37.5200 2
  63.3700  -38.3400 2
  63.3800  -39.1500 2
  63.1900  -39.9800 2
  62.9900  -40.8000 2
  62.9900  -40.8000 2
  62.8000  -41.6300 2
  62.8100  -42.4500 2
  62.8200  -42.9400 2
  62.0400  -43.9900 2
  61.4500  -44.8600 2
  61.0700  -45.7300 2
  60.6900  -46.7600 2
  60.5100  -47.6200 2
  60.5300  -48.4600 2
  60.5500  -49.3000 2
  59.7700  -50.2200 2
  59.1700  -50.2900 2
  58.9900  -50.9900 2
  58.5800  -50.6900 2
  58.0000  -51.2600 2
  57.8200  -52.1400 2
  57.0200  -52.2200 2
  56.4300  -52.4600 2
  55.8400  -52.8600 2
  55.0500  -53.2900 2
  54.8800  -54.0100 2
  99.0000   99.0000 3
9999 9999 Greenland shelf <identity>GPlates-e20d3cf7-154b-49f0-85d5-f67d389eea30</identity>
 199 1810.0  320.0 UN   0 999   1    87
  78.5000  -50.0000 3
  78.7000  -40.0000 2
  78.3700  -36.1000 2
  77.9700  -34.4100 2
  77.9700  -34.0700 2
  77.1900  -31.0300 2
  76.8100  -29.7100 2
  76.2400  -27.6700 2
  76.0600  -26.7100 2
  75.8700  -26.5100 2
  75.3000  -24.8600 2
  74.9100  -24.5700 2
  74.1000  -24.9600 2
  73.5100  -24.5000 2
  73.1200  -23.9500 2
  72.5300  -23.4900 2
  72.3200  -23.8600 2
  71.9200  -23.7500 2
  71.5000  -24.5200 2
  71.4500  -26.7100 2
  71.4400  -27.2900 2
  70.8700  -25.8600 2
  70.4500  -26.5300 2
  70.2500  -26.6400 2
  70.2500  -26.6400 2
  70.0300  -27.8100 2
  69.4200  -28.1800 2
  69.4100  -28.9300 2
  69.0000  -29.5000 2
  68.8000  -29.7800 2
  68.5900  -30.6800 2
  68.3900  -30.8200 2
  68.1900  -30.6500 2
  67.5900  -31.2300 2
  67.3900  -30.5900 2
  67.1900  -31.0500 2
  66.5800  -32.2700 2
  66.3800  -32.4200 2
  65.9700  -32.8800 2
  65.7700  -32.8700 2
  65.3800  -32.5400 2
  64.9800  -32.5300 2
  64.7800  -32.0400 2
  64.1700  -32.9900 2
  63.5700  -34.7600 2
  63.5700  -35.7300 2
  63.3700  -36.2200 2
  63.3700  -36.7100 2
  62.7700  -37.8600 2
  62.1700  -38.0400 2
  61.5700  -38.0600 2
  60.5900  -40.2500 2
  60.2000  -41.7700 2
  60.2200  -43.1100 2
  60.4300  -43.6000 2
  59.8500  -44.9800 2
  59.6700  -46.0100 2
  59.0800  -46.3900 2
  59.0800  -46.3900 2
  59.0900  -46.9000 2
  58.8900  -47.0800 2
  58.5200  -48.3100 2
  58.3600  -50.0300 2
  57.9700  -50.4100 2
  57.9800  -50.5800 2
  57.5800  -50.6200 2
  57.1900  -51.0000 2
  57.1800  -50.6600 2
  56.9800  -50.6700 2
  56.9900  -51.1900 2
  56.5900  -51.0600 2
  56.2000  -51.4400 2
  55.4200  -52.2100 2
  55.0200  -52.2500 2
  54.4500  -53.1700 2
  54.4800  -54.2200 2
  54.7400  -55.9500 2
  54.9400  -55.9300 2
  55.1800  -56.7800 2
  55.6400  -58.4800 2
  56.4800  -59.2400 2
  56.9100  -59.8800 2
  57.3100  -59.8200 2
  57.7100  -59.9400 2
  58.3600  -61.0500 2
  59.4100  -61.9100 2
  60.0800  -63.3400 2
  99.0000   99.0000 3
9999 9999 Rockall Bank <identity>GPlates-b4801af6-ec90-4a6e-bd20-41113a25d1ed</identity>
 199 1810.0  320.0 UN   0 999   1    16
  52.1800  -50.3500 3
  54.4500  -46.0900 2
  56.2300  -44.6800 2
  56.7500  -44.5600 2
  57.5500  -45.6400 2
  58.0400  -45.8200 2
  58.3800  -46.4500 2
  57.9900  -49.2500 2
  57.5700  -50.3700 2
  55.5000  -51.7200 2
  53.8200  -54.2200 2
  53.5700  -52.6900 2
  53.6800  -51.5600 2
  53.4300  -51.0900 2
  52.4400  -50.8100 2
  52.1800  -50.3500 2
  99.0000   99.0000 3
9999 9999 Rockall Grenville Front <identity>GPlates-2a1f8e2e-e64a-49c0-ae9e-478bf5529e9b</identity>
 199 1810.0  320.0 UN   0 999   1     2
  54.0000  -54.0000 3
  55.5000  -45.4000 2
  99.0000   99.0000 3
9999 9999 Scotland border <identity>GPlates-71725de8-ae09-4359-8225-f631ddcb8dc8</identity>
 199 1810.0  320.0 UN   0 999   1    17
  56.2300  -44.6800 3
  56.9100  -41.9300 2
  57.3000  -41.2000 2
  57.5800  -40.2600 2
  57.8700  -39.6300 2
  58.0600  -38.6900 2
  58.2500  -38.3700 2
  58.3500  -37.8500 2
  58.5500  -37.8400 2
  58.6500  -37.9400 2
  58.7500  -37.9300 2
  58.7500  -38.0400 2
  58.8500  -38.0300 2
  59.0500  -38.2200 2
  59.3500  -38.3100 2
  59.6500  -38.3900 2
  60.2000  -41.8000 2
  99.0000   99.0000 3
9999 9999 Laurentian British Isles <identity>GPlates-2fc4a2a8-6d20-4f18-b8a2-48806e9087d3</identity>
 199 1810.0  320.0 UN   0 999   1    69
  58.2500  -38.2700 3
  58.2500  -38.3700 2
  58.3500  -38.2600 2
  58.4500  -38.2600 2
  58.5500  -38.3600 2
  58.5700  -39.4800 2
  58.4700  -39.5900 2
  58.4800  -40.4100 2
  58.5800  -40.4100 2
  58.5800  -40.3100 2
  58.6800  -40.3000 2
  58.6800  -40.4000 2
  58.6900  -40.5100 2
  58.7900  -40.5000 2
  58.7800  -40.4000 2
  58.8800  -40.3900 2
  58.8800  -40.2900 2
  58.9800  -40.1800 2
  58.9800  -39.9800 2
  59.0800  -39.9700 2
  59.0700  -39.7700 2
  59.1800  -39.8600 2
  59.1700  -39.5500 2
  59.2700  -39.4500 2
  59.2700  -39.4500 2
  59.3700  -39.4400 2
  59.4700  -39.4300 2
  59.4700  -39.6400 2
  59.5700  -39.7400 2
  59.5800  -40.0500 2
  59.4800  -40.1500 2
  59.5000  -41.3900 2
  59.4000  -41.5000 2
  59.3000  -41.5000 2
  59.2000  -41.6100 2
  59.1000  -41.6200 2
  59.1000  -41.7200 2
  59.0000  -41.8300 2
  58.9100  -41.8300 2
  58.8000  -41.7400 2
  58.7100  -41.8400 2
  58.7100  -42.2500 2
  58.6100  -42.2600 2
  58.5100  -42.2600 2
  58.4100  -42.2700 2
  58.3100  -42.2800 2
  58.3100  -42.1700 2
  58.2100  -42.1800 2
  58.1100  -42.1800 2
  58.0100  -42.1900 2
  57.9100  -42.1900 2
  57.9100  -42.3000 2
  57.8100  -42.3000 2
  57.7100  -42.4100 2
  57.7200  -42.6100 2
  57.6200  -42.6200 2
  57.5200  -42.6200 2
  57.4100  -42.5300 2
  57.4100  -42.1100 2
  57.5100  -42.0100 2
  57.5100  -41.9000 2
  57.4000  -41.8100 2
  57.4100  -41.9100 2
  57.3100  -41.9100 2
  57.3100  -42.0200 2
  57.2100  -42.0200 2
  57.1100  -42.1300 2
  57.0100  -42.1300 2
  56.9100  -42.2400 2
  99.0000   99.0000 3
9999 9999 Laurentian British Isles <identity>GPlates-5050b749-155d-4344-a822-99a44b91f568</identity>
 199 1810.0  320.0 UN   0 999   1    24
  58.0100  -42.3900 3
  57.9100  -42.4000 2
  58.0100  -42.5000 2
  58.0200  -42.7000 2
  57.9200  -42.8100 2
  57.9200  -42.9100 2
  58.0200  -42.9100 2
  58.1200  -42.9000 2
  58.2200  -42.9000 2
  58.2200  -43.2100 2
  58.3200  -43.2000 2
  58.3300  -43.3000 2
  58.4200  -43.2000 2
  58.4200  -42.9900 2
  58.5200  -42.8800 2
  58.5200  -42.7800 2
  58.4200  -42.6800 2
  58.3200  -42.6900 2
  58.3200  -42.5800 2
  58.2200  -42.5900 2
  58.2100  -42.2800 2
  58.1100  -42.2900 2
  58.0100  -42.2900 2
  58.0100  -42.3900 2
  99.0000   99.0000 3
9999 9999 Grenville front <identity>GPlates-28c38824-153e-4da0-8b89-d5d87939fa0f</identity>
 199 1810.0  320.0 UN   0 999   1    29
  54.4500  -53.1700 3
  54.0000  -56.0000 2
  54.5000  -59.0000 2
  54.5000  -60.0000 2
  54.0000  -61.5000 2
  54.2000  -62.5000 2
  54.0000  -63.5000 2
  54.0000  -66.0000 2
  53.0000  -67.5000 2
  52.6000  -69.0000 2
  52.2000  -70.5000 2
  52.0000  -72.0000 2
  50.5000  -74.0000 2
  49.7000  -74.5000 2
  48.0000  -76.0000 2
  47.5000  -77.5000 2
  47.0000  -80.0000 2
  46.0000  -82.0000 2
  44.5000  -82.0000 2
  41.7000  -84.0000 2
  40.8000  -83.7000 2
  40.5000  -83.7000 2
  39.0000  -84.0000 2
  37.0000  -85.0000 2
  35.0000  -90.0000 2
  34.0000  -97.5000 2
  32.0000 -102.5000 2
  31.0000 -105.5000 2
  30.0000 -109.0000 2
  99.0000   99.0000 3
